[[-1.769472e+08  5.898240e+07  0.000000e+00 ...  0.000000e+00
   0.000000e+00  0.000000e+00]
 [ 0.000000e+00 -1.032192e+08  0.000000e+00 ...  0.000000e+00
   0.000000e+00  0.000000e+00]
 [ 0.000000e+00  0.000000e+00 -1.769472e+08 ...  0.000000e+00
   0.000000e+00  0.000000e+00]
 ...
 [ 0.000000e+00  0.000000e+00  0.000000e+00 ... -1.769472e+08
   2.359296e+08  5.898240e+07]
 [ 0.000000e+00  0.000000e+00  0.000000e+00 ...  0.000000e+00
  -2.359296e+08  1.179648e+08]
 [ 0.000000e+00  0.000000e+00  0.000000e+00 ...  0.000000e+00
   0.000000e+00 -1.769472e+08]]
